  Dato    frecuencia    frecuencia relativa    frecuencia acumulada    frecuencia relativa acumulada
------  ------------  ---------------------  ----------------------  -------------------------------
    21             5              0.384615                        5                         0.384615
    32             1              0.0769231                       6                         0.461538
    34             1              0.0769231                       7                         0.538462
    37             1              0.0769231                       8                         0.615385
    38             1              0.0769231                       9                         0.692308
    43             1              0.0769231                      10                         0.769231
    45             1              0.0769231                      11                         0.846154
    54             1              0.0769231                      12                         0.923077
    57             1              0.0769231                      13                         1
                ('Los números ingresados son:', '21.0, 21.0, 21.0, 21.0, 21.0, 32.0, 34.0, 37.0, 38.0, 43.0, 45.0, 54.0, 57.0')
                rango: 36.0
                varianza: 154.17751479289942
                media: 34.23076923076923
                mediana: 34.0
                moda: [21.0]
                